% -------------------------------------------------------------------
%  Generated by MATLAB on 15-Mar-2020 15:17:29
%  MATLAB version: 9.5.0.1178774 (R2018b) Update 5
% -------------------------------------------------------------------
                                 

unnamed = [3654.6 0.4638 5.95 0.0892 0.0954];

